(array([
   
   
   [402.72183   , 127.33677   , 440.68793   , 179.02635   ,
          0.85444903],

          
       [612.9132    , 195.66595   , 662.0984    , 268.81403   ,
          0.76297766]], dtype=float32), array([[[406.70367, 144.27765],
        [420.40295, 144.62407],
        [406.89795, 154.33511],
        [407.35104, 165.1509 ],
        [417.39868, 165.31496]],

       [[620.9134 , 226.42772],
        [643.05237, 227.88268],
        [627.50726, 241.35971],
        [622.6971 , 251.18674],
        [641.14685, 252.29675]]], dtype=float32))
